Mes,Cuota Mensual,Intereses,Amortizacion,Monto Restante,Estado
1,17.7647,2.08333,15.6813,484.319,NO PAGADO
2,17.7647,2.01799,15.7467,468.572,NO PAGADO
3,17.7647,1.95238,15.8123,452.76,NO PAGADO
4,17.7647,1.8865,15.8782,436.881,NO PAGADO
5,17.7647,1.82034,15.9443,420.937,NO PAGADO
6,17.7647,1.7539,16.0108,404.926,NO PAGADO
7,17.7647,1.68719,16.0775,388.849,NO PAGADO
8,17.7647,1.6202,16.1445,372.704,NO PAGADO
9,17.7647,1.55294,16.2117,356.493,NO PAGADO
10,17.7647,1.48539,16.2793,340.213,NO PAGADO
11,17.7647,1.41756,16.3471,323.866,NO PAGADO
12,17.7647,1.34944,16.4152,307.451,NO PAGADO
13,17.7647,1.28105,16.4836,290.967,NO PAGADO
14,17.7647,1.21236,16.5523,274.415,NO PAGADO
15,17.7647,1.1434,16.6213,257.794,NO PAGADO
16,17.7647,1.07414,16.6905,241.103,NO PAGADO
17,17.7647,1.0046,16.7601,224.343,NO PAGADO
18,17.7647,0.934763,16.8299,207.513,NO PAGADO
19,17.7647,0.864638,16.9,190.613,NO PAGADO
20,17.7647,0.794222,16.9705,173.643,NO PAGADO
21,17.7647,0.723511,17.0412,156.602,NO PAGADO
22,17.7647,0.652506,17.1122,139.489,NO PAGADO
23,17.7647,0.581206,17.1835,122.306,NO PAGADO
24,17.7647,0.509608,17.2551,105.051,NO PAGADO
25,17.7647,0.437712,17.327,87.7238,NO PAGADO
26,17.7647,0.365516,17.3992,70.3247,NO PAGADO
27,17.7647,0.293019,17.4717,52.853,NO PAGADO
28,17.7647,0.220221,17.5445,35.3085,NO PAGADO
29,17.7647,0.147119,17.6176,17.691,NO PAGADO
30,17.7647,0.0737124,17.691,-9.53674e-07,NO PAGADO
