Mes,Cuota Mensual,Intereses,Amortizacion,Monto Restante
1,10.2729,0.5,9.7729,110.227
2,10.2729,0.45928,9.81362,100.413
3,10.2729,0.41839,9.85451,90.559
4,10.2729,0.377329,9.89557,80.6634
5,10.2729,0.336098,9.9368,70.7266
6,10.2729,0.294694,9.9782,60.7484
7,10.2729,0.253118,10.0198,50.7286
8,10.2729,0.211369,10.0615,40.6671
9,10.2729,0.169446,10.1035,30.5636
10,10.2729,0.127349,10.1455,20.4181
11,10.2729,0.0850754,10.1878,10.2303
12,10.2729,0.0426261,10.2303,0
